contraindicated_codes<-c(
  "H02AB02",
  "A11CA01",
  "J01AA07",
  "L04AX03"  
)

teratogenic_codes<-c(
  "L04AA32",
  "L04AX01",
  "L04AX07",
  "D05BA02",
  "L04AX03",
  "A11CA01",
  "J01AA07",
  "J01FA01", 
  "J01FA10",
  "L04AD01", 
  "L04AB01",
  "L04AB02",
  "L04AC05",
  "L04AC10",
  "L04AC13",
  "L04AC12",
  "L04AC16",
  "L04AC17"
)








